[TEXTURES]
# id	left	top	right	bottom	texture_id
[SPRITES]


# ani_id	sprite1_id	time1	sprite2_id	time2	...
[ANIMATIONS]


[ANIMATION_SETS]



[OBJECTS]
# type	x	y	ani_set_id	extra_settings per object type
# type: 0 = Simon, 41 = Dagger,  4 = whip,5 = torch, 6=bigheartitem ,7=chainitem,8=daggeritem,9=candle, 10=smallheartitem,11=leopard, 12=brick4leopard, 20=//

# SIMON
0	500	0	1
#WHIP
4	0	0	2
#BRICK 
1	0	162	31	1920	16	
1	688	98	31	48	1
1	752	66	31	160	1
1	930	98	31	96	1
1	1406	66	31	272	1
1	1678	98	31	48	1
1	1822	82	31	32	1
1	1854	98	31	32	1

#smallheart
10	25	130	94
10	89	98	94
10	153	130	94
10	217	98	94
10	281	130	94
10	345	98	94
10	409	130	94
10	473	98	94
10	537	130	94
10	601	98	94
10	670	34	94
10	734	130	94
10	862	34	94
10	926	130	94
10	990	34	94
10	1054	130	94
10	1118	130	94
10	1182	130	94
10	1246	130	94
10	1310	130	94
10	1374	98	94
10	1438	34	94
10	1502	2	94
10	1566	130	94
10	1630	34	94
10	1694	18	94
10	1758	98	94
10	1838	18	94
10	1886	130	94


#Candle
9	25	130	42	10
9	89	98	42	10
9	153	130	42	10
9	217	98	42	10
9	281	130	42	10
9	345	98	42	10
9	409	130	42	10
9	473	98	42	10
9	537	130	42	10
9	601	98	42	10
9	670	34	42	10
9	734	130	42	10
9	862	34	42	10
9	926	130	42	10
9	990	34	42	10
9	1054	130	42	10
9	1118	130	42	10
9	1182	130	42	10
9	1246	130	42	10
9	1310	130	42	10
9	1374	98	42	10
9	1438	34	42	10
9	1502	2	42	10
9	1566	130	42	10
9	1630	34	42	10
9	1694	18	42	10
9	1758	98	42	10
9	1838	18	42	10
9	1886	130	42	10

#LEOPARD
11	689	10	46
11	878	10	46
11	943	10	46

#BRICK4LEOPARD
12	687	96	31	1	1
12	752	64	31	1	1
12	912	64	31	1	1
12	930	96	31	1	1
12	1026	96	31	1	1

#STAIR_BOTTOM
20	611	149	31	16	20	1	605

# --- SCENE PORTAL ----
# type	l	t	ani_set_id	r	b	scene_id
#50	700	60	0	750	144	50

[INFO_MAP]
#widthMap	ColTile	idTexture
1920	20	92

[TILE_MAP]
1	2	3	4	5	6	1	2	1	2	3	4	5	6	1	2	1	2	3	4	7	8	1	2	1	2	3	4	5	6	1	2	9	10	3	4	5	6	9	10	1	2	1	2	1	2	1	2	3	4	5	6	11	11	3	4	12	13	1	2	1	2	9	10	3	4	9	10	3	4	9	10	3	4	9	10	3	4	1	2	9	10	1	2	12	13	12	13	1	2	11	11	3	4	14	15	16	17	17	17	17	17	3	4	17	17	17	17	17	17	17	17	18	19	17	17	18	19	17	17
20	21	22	23	24	25	26	27	28	29	22	23	24	25	26	27	28	29	22	23	30	31	26	27	28	29	22	23	24	25	26	27	32	33	22	23	24	25	34	35	28	29	28	29	28	29	28	29	22	23	36	37	38	38	22	23	39	40	28	29	28	29	32	33	22	23	34	35	22	23	34	35	22	23	34	35	22	23	28	29	34	35	28	29	39	40	39	40	28	29	38	38	22	23	41	42	43	17	17	44	17	17	22	45	17	17	46	17	46	17	46	17	47	48	17	44	47	49	17	17
50	51	22	23	52	53	54	55	56	57	22	23	52	53	54	55	56	57	22	23	58	59	54	55	56	57	22	23	52	53	54	55	50	51	22	23	52	53	38	38	56	57	56	57	56	57	56	57	22	23	60	61	38	38	22	23	56	57	56	57	56	57	50	51	22	23	38	38	22	23	38	38	22	23	38	38	22	23	56	57	38	38	56	57	56	57	56	57	56	57	38	38	22	23	17	62	43	17	63	64	17	17	65	48	17	17	66	17	66	17	66	17	65	48	63	64	22	23	17	17
39	40	22	23	67	68	34	35	28	29	22	23	69	70	34	35	28	29	22	23	24	25	34	35	28	29	22	23	69	70	34	35	39	40	22	23	69	70	38	38	28	29	28	29	71	72	73	74	75	76	77	78	79	79	80	81	82	83	84	85	28	29	39	40	22	23	38	38	22	23	38	38	22	23	38	38	22	23	26	27	38	38	28	29	71	72	73	74	86	87	88	89	75	76	17	90	43	17	17	17	17	17	91	92	17	17	17	17	93	94	93	94	47	49	93	94	22	23	17	17
56	57	22	23	60	61	38	38	56	57	22	23	52	53	38	38	56	57	22	23	52	53	38	38	56	57	22	23	52	53	38	38	56	57	22	23	52	53	38	38	56	57	56	57	95	96	97	98	99	100	101	102	98	98	98	98	98	103	104	105	56	57	56	57	22	23	38	38	22	23	38	38	22	23	38	38	22	23	54	55	38	38	56	57	95	96	97	98	98	98	101	102	99	100	98	106	98	98	98	98	98	98	99	100	17	17	17	17	43	107	43	107	22	23	43	107	22	23	17	17
28	29	22	23	108	40	38	38	28	29	22	23	67	68	38	38	26	27	22	23	69	70	38	38	28	29	22	23	67	68	38	38	28	29	22	23	69	70	38	38	71	72	73	74	109	97	110	111	3	4	112	113	114	115	3	4	116	117	103	118	119	120	86	87	22	23	38	38	22	23	38	38	22	23	38	38	22	23	32	33	38	38	71	72	121	97	110	111	112	113	112	113	122	123	124	15	16	17	93	94	93	94	3	4	17	17	125	126	17	17	93	94	127	128	129	130	131	132	17	17
56	57	22	23	56	57	38	38	56	57	22	23	60	61	38	38	54	55	22	23	52	53	38	38	56	57	22	23	60	61	38	38	56	57	22	23	52	53	38	38	95	96	97	98	133	134	135	136	22	23	56	57	50	51	22	23	137	138	139	98	101	102	98	98	22	23	38	38	22	23	38	38	22	23	38	38	22	23	50	51	38	38	95	96	97	140	135	136	56	57	56	57	22	23	141	15	16	17	43	107	43	107	22	23	98	98	98	142	143	144	43	107	130	130	130	130	122	123	98	98
28	29	22	23	28	29	38	38	26	27	22	23	108	40	38	38	32	33	22	23	67	68	38	38	28	29	22	23	108	40	38	38	20	21	22	23	67	68	145	146	121	97	110	111	147	148	149	150	22	23	28	29	39	40	22	23	151	152	3	4	147	148	147	148	22	23	38	38	22	23	38	38	22	23	38	38	22	23	153	154	145	146	121	97	110	155	156	157	28	29	28	29	22	23	158	15	16	17	17	17	17	17	22	45	93	94	3	159	160	126	17	17	129	130	129	130	22	45	93	94
56	57	22	23	56	57	38	38	54	55	22	23	56	57	38	38	50	51	22	23	60	61	38	38	56	57	22	23	56	57	38	38	50	51	22	23	60	61	95	96	97	140	135	136	54	55	56	57	22	23	56	57	56	57	22	23	56	57	22	23	54	55	54	55	22	23	38	38	22	23	38	38	22	23	38	38	22	23	54	55	95	96	97	140	135	136	54	55	56	57	56	57	22	23	141	15	16	17	17	17	17	17	65	48	43	107	22	23	161	160	143	144	130	130	130	130	65	48	43	107
119	120	75	76	119	120	88	89	162	163	75	76	119	120	88	89	164	78	75	76	77	78	88	89	119	120	75	76	119	120	88	89	164	78	75	76	77	78	109	97	165	166	167	168	162	163	119	120	75	76	119	120	119	120	75	76	119	120	75	76	162	163	162	163	75	76	88	89	75	76	88	89	75	76	88	89	75	76	162	163	109	97	165	166	167	168	162	163	119	120	119	120	75	76	169	15	16	17	125	126	17	17	91	92	17	17	75	76	17	170	160	171	129	130	129	130	91	92	125	126
101	102	99	100	101	102	101	102	101	102	99	100	101	102	101	102	101	102	99	100	101	102	101	102	101	102	99	100	101	102	101	102	101	102	99	100	101	102	133	134	101	102	101	102	101	102	101	102	99	100	101	102	101	102	99	100	101	102	99	100	101	102	101	102	99	100	101	102	99	100	101	102	99	100	101	102	99	100	101	102	133	134	101	102	101	102	101	102	101	102	101	102	99	100	172	98	98	98	98	142	98	98	99	100	98	98	99	100	98	98	139	98	130	130	130	130	99	100	98	142