[INFO_MAP]
#widthMap	ColTile	idTexture spaceHUD
512	20	93	40


[OBJECTS]
# type	x	y	ani_set_id	extra_settings per object type
# type: 0 = Simon, 41 = Dagger,  4 = whip,5 = torch, 6=bigheartitem ,7=chainitem,8=daggeritem,9=candle, 10=smallheartitem,11=leopard, 12=brick4leopard, 20=//, 16=holywateritem, 17= axeitem, 72= holywater

# SIMON
0	0	0	1
#WHIP
4	0	0	2
#holywater	
72	0	0	72
#Dagger
41	0	0	21

#pointEffects
99	35	145	990	0
99	750	145	990	2
99	941	145	990	2


#BRICK 
1	1	178	31	512	16	
1	1	80	31	128	16	
1	128	112	31	48	16
1	256	96	31	16	48
1	272	96	31	48	80


#Item
82	30	130	98
10	94	34	94
10	158	18	94
10	222	98	94
10	302	18	94
10	350	130	94


#Candle
9	30	130	42	82
9	94	34	42	10
9	158	18	42	10
9	222	98	42	10
9	302	18	42	10
9	350	130	42	10



# --- SCENE PORTAL ----
# type	l	t	ani_set_id	r	b	scene_id
#50	700	60	0	750	144	50


[TILE_MAP]
1	2	3	3	3	3	4	5	6	3	3	3	3	3	3	3	4	7	6	3	4	7	6	3	3	3	3	3	3	3	3	8
1	2	3	3	3	3	4	5	6	3	3	3	3	3	3	3	9	10	6	3	9	10	6	3	3	3	3	3	3	3	11	12
13	2	3	14	15	3	4	7	6	3	16	17	16	17	16	17	4	7	6	14	18	5	6	3	3	3	16	17	16	17	3	19
13	2	20	21	3	3	9	10	6	3	3	3	3	3	3	3	9	10	22	21	4	5	6	3	3	3	3	3	3	3	3	23
13	2	3	3	3	3	24	25	26	3	3	3	27	28	27	28	4	5	29	28	4	5	6	3	3	14	15	3	3	3	3	30
31	12	12	12	12	12	12	12	32	3	3	3	33	34	33	34	4	5	35	34	4	5	6	3	20	21	11	12	12	12	12	12
1	2	27	28	27	28	4	5	6	3	36	37	38	3	27	28	39	40	41	40	42	12	32	3	36	37	38	3	3	14	43	44
1	2	33	34	33	34	4	5	45	12	12	46	47	48	49	34	50	51	51	51	52	53	54	12	12	46	47	48	55	21	56	44
1	2	3	3	3	3	4	7	29	28	4	5	57	58	38	3	39	40	41	40	59	7	29	28	4	5	57	58	38	3	56	44
1	2	3	3	3	3	9	10	35	34	4	5	60	61	47	48	-1	51	51	51	63	10	35	34	4	5	60	61	47	48	64	44
1	2	36	37	38	3	24	25	26	3	24	25	26	8	65	66	-1	40	41	40	67	25	68	37	69	25	26	8	65	66	70	44
31	12	12	46	71	12	12	12	12	12	12	12	12	12	12	12	72	51	51	51	42	12	12	46	71	12	12	12	12	12	12	12
