
[INFO_MAP]
#widthMap	ColTile	idTexture
512	20	94	56

[OBJECTS]
# type	x	y	ani_set_id	extra_settings per object type
# type: 0 = Simon, 41 = Dagger,  4 = whip,5 = torch, 6=bigheartitem ,7=chainitem ,8=daggeritem,

#BIRCK_HIDE
84	464	80	33	0
84	352	80	33	0

#Wall pieces
30	464	80	30	
30	466	81	30
30	468	82	30
30	470	83	30

# SIMON
0	365	-14	1
#WHIP
4	0	0	2
#holywater	
72	0	0	72
#Dagger
41	0	0	21
#AXE
73	0	0	73
#BRICK 
1	0	82	31	224	1
1	96	50	31	32	16
1	256	82	31	32	16
1	320	82	31	140	1
1	480	114	31	32	16
1	448	144	31	32	16
1	506	0	31	16	200

#STAIR_BOTTOM
20	95	47	31	16	1	-1	90
20	447	78	31	16	1	-1	442

#Candle
9	28	19	42	82
9	92	19	42	10
9	156	19	42	10
9	220	19	42	82
9	284	19	42	10
9	348	19	42	10
9	412	19	42	10
9	492	19	42	10

#Item
82	28	19	98
10	92	19	94
10	156	19	94
82	220	19	98
10	284	19	94
10	348	19	94
10	412	19	94
10	492	19	94


#Brick4MoneyBagRed
80	450	120	31	16	16	81
#MoneyBagRed
81	354	80	96	122	
#Point effects
99	354	145	990	3
#BIRCK_HIDE


#pointEffects
99	35	145	990	0
99	220	145	990	2
#99	941	145	990	2

# --- SCENE PORTAL ----
# type	l	t	ani_set_id	r	b	scene_id
50	40	-7	0	54	0	31
50	350	-7	0	362	0	32

[TILE_MAP]
1	2	3	4	5	6	1	2	6	6	6	6	1	2	6	6	1	2	6	6	7	8	3	4	5	6	6	6	7	8	9	10
7	8	3	3	4	5	7	11	6	6	6	6	7	11	6	6	7	8	6	6	7	8	3	3	4	5	6	6	7	8	9	10
7	8	3	3	3	4	12	11	6	6	6	6	12	11	6	6	7	8	6	6	7	8	3	3	3	4	5	6	7	8	9	10
7	11	3	3	3	3	13	13	6	6	6	6	7	11	6	6	7	8	6	6	7	8	3	3	3	3	4	5	7	8	9	10
12	11	3	3	3	3	1	2	6	6	6	6	12	11	6	6	7	8	6	6	7	8	3	3	3	3	3	4	7	8	9	10
13	13	13	13	13	13	13	13	13	13	13	13	13	13	6	6	13	13	6	6	13	13	13	13	13	13	13	13	13	-1	9	10
1	2	14	15	14	15	1	2	16	17	14	15	1	2	6	6	1	2	6	6	1	2	14	15	14	15	14	15	1	2	9	10
7	11	6	6	6	6	7	11	18	19	20	20	7	8	6	21	7	8	6	21	7	8	20	20	6	21	6	6	7	8	13	13
12	11	6	6	6	6	12	11	6	6	20	20	7	8	22	23	7	8	22	23	7	8	20	20	22	23	6	6	7	8	14	15
24	25	24	25	24	25	24	25	24	25	24	25	24	25	24	25	24	25	24	25	24	25	24	25	24	25	24	25	13	13	24	25
26	27	26	27	26	27	26	27	26	27	26	27	26	27	26	27	26	27	26	27	26	27	26	27	26	27	26	27	1	2	26	27


