[TEXTURES]
# id	left	top	right	bottom	texture_id
[SPRITES]


# ani_id	sprite1_id	time1	sprite2_id	time2	...
[ANIMATIONS]


[ANIMATION_SETS]



[OBJECTS]
# type	x	y	ani_set_id	extra_settings per object type
# type: 0 = Simon, 41 = Dagger,  4 = whip,5 = torch, 6=bigheartitem ,7=chainitem ,8=daggeritem,9=candle, 10=smallheartitem
# SIMON
0	0	0	1
#WHIP
4	0	0	2
#Dagger
41	0	0	21
#BRICK 
1	0	162	31	768	16

#TORCH
5	90	130	41	6
5	224	130	41	7
5	344	130	41	7
5	474	130	41	6
5	600	130	41	8

#bigheart
6	90	130	91
6	474	130	91

#_Chain
7	224	130	92
7	344	130	91
#_Dagger 
8	600	130	93

# --- SCENE PORTAL ----
# type	l	t	ani_set_id	r	b	scene_id
50	722	60	0	750	144	50

[INFO_MAP]
#widthMap	ColTile	idTexture
768	20	91

[TILE_MAP]
1	1	1	1	1	1	1	1	1	1	1	1	1	1	1	1	1	1	1	1	1	1	1	1	1	1	1	1	1	1	1	1	1	1	1	1	1	1	1	1	1	2	3	4	3	4	5	6
1	1	7	8	7	8	7	8	7	8	7	8	1	1	1	1	1	1	7	8	7	8	7	8	7	8	7	8	1	1	1	1	1	1	1	1	1	1	1	1	9	10	11	12	11	12	13	6
14	15	14	15	14	15	14	15	14	15	14	15	1	1	1	1	14	15	14	15	14	15	14	15	14	15	14	15	1	1	1	1	1	1	1	1	1	1	1	1	6	6	10	4	10	4	16	6
17	18	17	18	17	18	17	18	17	18	17	18	7	8	7	8	17	18	17	18	17	18	17	18	17	18	17	18	7	8	7	8	7	8	7	8	7	8	7	8	6	19	20	4	20	4	21	6
14	15	22	23	14	15	14	15	14	15	14	15	14	15	14	15	14	15	22	23	14	15	14	15	14	15	14	15	14	15	14	15	14	15	14	15	22	23	22	23	6	10	24	25	10	4	5	6
17	18	26	27	17	18	17	18	17	18	17	18	17	18	17	18	17	18	26	27	17	18	17	18	17	18	17	18	17	18	17	18	17	18	17	18	26	27	26	27	6	2	28	6	20	4	13	6
22	23	6	6	22	23	22	23	22	23	22	23	22	23	22	23	22	23	6	6	22	23	22	23	22	23	22	23	22	23	22	23	22	23	22	23	6	6	6	6	6	10	5	6	10	4	16	6
26	27	29	30	26	27	26	27	26	27	26	27	26	27	26	27	26	27	29	30	26	27	26	27	26	27	26	27	26	27	26	27	26	27	26	27	29	30	6	6	6	2	13	6	20	4	21	6
31	32	33	34	6	6	31	32	31	32	6	6	31	32	6	6	31	32	33	34	6	6	31	32	31	32	6	6	31	32	6	6	6	6	6	6	33	34	6	6	6	2	35	6	2	36	16	6
37	38	39	40	41	41	37	38	37	38	41	41	37	38	41	41	37	38	39	40	41	41	37	38	37	38	41	41	37	38	41	41	41	41	42	43	39	40	44	45	46	47	48	6	48	49	21	6
50	50	50	50	50	50	50	50	50	50	50	50	50	50	50	50	50	50	50	50	50	50	50	50	50	50	50	50	50	50	50	50	50	50	50	50	50	50	50	50	50	50	50	50	50	50	50	50
