[INFO_MAP]
#widthMap	ColTile	idTexture spaceHUD
768	20	95	40


[OBJECTS]
# type	x	y	ani_set_id	extra_settings per object type
# type: 0 = Simon, 41 = Dagger,  4 = whip,5 = torch, 6=bigheartitem ,7=chainitem ,8=daggeritem,
#BIRCK_HIDE
84	688	144	33	199

#Wall pieces
30	688	144	30	
30	690	145	30
30	692	146	30
30	694	147	30

# SIMON
0	760	0	1
#WHIP
4	0	0	2
#WHIP
4	0	0	2
#holywater	
72	0	0	72
#Dagger
41	0	0	21
#AXE
73	0	0	73
#BRICK 
1	0	178	31	960	16
1	0	81	31	112	1
1	128	113	31	176	1
1	672	145	31	16	16
1	720	113	31	48	1

#Item

10	28	115	94
10	92	51	94
10	156	83	94
19	220	51	910
10	284	147	94
17	347	115	911
10	411	147	94
10	475	147	94
10	539	115	94
10	603	147	94
10	667	115	94
10	731	115	94
199	688	144	915

#Candle
9	28	115	42	10
9	92	51	42	10
9	156	83	42	10
9	220	51	42	19
9	284	147	42	10
9	347	115	42	17
9	411	147	42	10
9	475	147	42	10
9	539	115	42	10
9	603	147	42	10
9	667	115	42	10
9	731	115	42	10

# --- SCENE PORTAL ----
# type	l	t	ani_set_id	r	b	scene_id
#50	722	60	0	750	144	50

[TILE_MAP]
1	2	1	2	3	4	5	6	1	2	3	4	7	8	1	2	3	4	9	10	11	12	13	14	1	2	15	16	3	4	13	14	1	2	15	16	3	4	13	14	1	2	17	18	7	8	19	20
21	22	21	22	23	24	25	26	21	22	23	24	27	28	21	22	23	24	29	30	31	32	33	34	21	22	35	36	23	24	33	34	21	22	35	36	23	24	33	34	21	22	9	37	27	28	38	20
1	2	5	6	23	24	1	2	1	2	23	24	39	39	1	2	23	24	40	41	5	6	1	2	3	4	15	16	23	24	13	14	3	4	15	16	23	24	13	14	3	4	9	10	39	39	19	20
21	22	25	26	23	24	21	22	21	22	23	24	39	39	21	22	23	24	42	43	25	26	21	22	23	24	35	36	23	24	33	34	23	24	35	36	23	24	33	34	23	24	29	30	39	39	38	20
44	45	46	46	46	46	47	48	49	50	23	24	39	39	1	2	23	24	51	52	1	2	1	2	23	24	1	2	23	24	1	2	23	24	1	2	23	24	7	8	23	24	51	52	39	39	53	54
55	55	55	55	55	55	55	56	57	58	23	24	39	39	21	22	23	24	59	60	21	22	21	22	23	24	21	22	23	24	21	22	23	24	21	22	23	24	27	28	23	24	59	60	39	39	53	61
9	10	1	2	3	4	11	12	56	62	46	46	44	45	46	46	46	46	47	48	49	50	1	2	23	24	1	2	23	24	1	2	23	24	1	2	23	24	5	6	23	24	63	64	65	66	53	67
29	30	21	22	23	24	31	32	55	55	55	55	55	55	55	55	55	55	55	56	57	58	21	22	23	24	21	22	23	24	21	22	23	24	21	22	23	24	25	26	23	24	68	65	69	55	55	55
51	52	1	2	23	24	1	2	7	8	23	24	5	6	23	24	5	6	11	12	56	57	49	50	23	24	1	2	23	24	1	2	23	24	1	2	23	24	1	2	23	24	70	69	71	72	19	20
59	60	21	22	23	24	21	22	27	28	23	24	25	26	23	24	25	26	31	32	73	56	57	58	23	24	21	22	23	24	21	22	23	24	21	22	23	24	21	22	23	24	55	0	74	75	38	20
44	45	44	45	76	77	44	45	44	45	76	77	44	45	76	77	44	45	44	45	44	45	56	62	76	77	44	45	76	77	44	45	76	77	44	45	76	77	44	45	76	77	44	45	44	45	78	20
55	55	55	55	55	55	55	55	55	55	55	55	55	55	55	55	55	55	55	55	55	55	55	55	55	55	55	55	55	55	55	55	55	55	55	55	55	55	55	55	55	55	55	55	55	55	55	55
